FIPS,Name,2013 Rural-urban Continuum Code*,2015-2019_completing_college,state,2015-2019_some_college,2015-2019_HS_only,2015-2019_not_HS
04001,"Apache, AZ        ",6.0,0.123006073550023,Arizona,0.358628668046008,0.322387594829696,0.195977663574273
04003,"Cochise, AZ        ",3.0,0.231095745045014,Arizona,0.401704720501147,0.24103424274581,0.12616529170803
04005,"Coconino, AZ        ",3.0,0.361603273952817,Arizona,0.323206547905633,0.220389985556091,0.0948001925854598
04007,"Gila, AZ        ",4.0,0.187337909992372,Arizona,0.397381133994406,0.278540554284261,0.13674040172896
04009,"Graham, AZ        ",7.0,0.151522821226694,Arizona,0.413819286256644,0.287226862397705,0.147431030118957
04011,"Greenlee, AZ        ",7.0,0.135121284591732,Arizona,0.398360095661086,0.347113085070038,0.119405534677144
04012,"La Paz, AZ        ",6.0,0.120102161589734,Arizona,0.337818476297265,0.311468261384165,0.230611100728836
04013,"Maricopa, AZ        ",1.0,0.326980719497432,Arizona,0.326341567624179,0.22393623765334,0.122741475225049
04015,"Mohave, AZ        ",3.0,0.129458113150368,Arizona,0.377773989683757,0.35344179909212,0.139326098073754
04017,"Navajo, AZ        ",4.0,0.152541651896491,Arizona,0.37807869549805,0.303197447713577,0.166182204891882
04019,"Pima, AZ        ",2.0,0.323832080069322,Arizona,0.337533657844386,0.222479078342086,0.116155183744206
04021,"Pinal, AZ        ",1.0,0.195321242813668,Arizona,0.369690632798068,0.292657832057805,0.142330292330459
04023,"Santa Cruz, AZ        ",4.0,0.204320524196301,Arizona,0.275066548358474,0.286601597160603,0.234011330284622
04025,"Yavapai, AZ        ",3.0,0.258773506834461,Arizona,0.393311074965043,0.258408241303541,0.0895071768969552
04027,"Yuma, AZ        ",3.0,0.150261100546349,Arizona,0.325190920341695,0.257078390533973,0.267469588577983
47001,"Anderson, TN        ",2.0,0.232875702570718,Tennessee,0.308264995853681,0.328738597622777,0.130120703952824
47003,"Bedford, TN        ",4.0,0.166463776258701,Tennessee,0.239910103942317,0.414427068701814,0.179199051097169
47005,"Benton, TN        ",7.0,0.122691069310286,Tennessee,0.236570072869005,0.464243348584986,0.176495509235723
47007,"Bledsoe, TN        ",8.0,0.120195794053662,Tennessee,0.23776287164612,0.39811457577955,0.243926758520667
47009,"Blount, TN        ",2.0,0.241754933060917,Tennessee,0.303381902252809,0.346093876014839,0.108769288671434
47011,"Bradley, TN        ",3.0,0.223266598172882,Tennessee,0.308652431066559,0.321328409185572,0.146752561574987
47013,"Campbell, TN        ",2.0,0.123704866562009,Tennessee,0.242490842490842,0.406488749345892,0.227315541601256
47015,"Cannon, TN        ",1.0,0.158003747904133,Tennessee,0.231679652825722,0.45566623927409,0.154650359996055
47017,"Carroll, TN        ",6.0,0.180234366898268,Tennessee,0.23908534688375,0.421912267966401,0.158768018251581
47019,"Carter, TN        ",3.0,0.175224570516333,Tennessee,0.274059424813553,0.385903881436298,0.164812123233815
47021,"Cheatham, TN        ",1.0,0.210052778860118,Tennessee,0.288441783854628,0.371364811731784,0.13014062555347
47023,"Chester, TN        ",3.0,0.159588855829051,Tennessee,0.300874582995221,0.391488594355784,0.148047966819944
47025,"Claiborne, TN        ",6.0,0.161121380160197,Tennessee,0.260320394331485,0.379764105272423,0.198794120235895
47027,"Clay, TN        ",9.0,0.139047959914102,Tennessee,0.202219040801718,0.461882605583393,0.196850393700787
47029,"Cocke, TN        ",6.0,0.11562039264375,Tennessee,0.216652440443858,0.468417785365097,0.199309381547296
47031,"Coffee, TN        ",4.0,0.204706195160861,Tennessee,0.264823185323052,0.384950810954533,0.145519808561553
47033,"Crockett, TN        ",3.0,0.138422391857506,Tennessee,0.268396946564886,0.405089058524173,0.188091603053435
47035,"Cumberland, TN        ",4.0,0.184676665628199,Tennessee,0.296742178112065,0.376541012061062,0.142040144198674
47037,"Davidson, TN        ",1.0,0.41701696172965,Tennessee,0.252817468515606,0.22087561819876,0.109289951555985
47039,"Decatur, TN        ",9.0,0.145482754505311,Tennessee,0.291084854994629,0.422723475355054,0.140708915145005
47041,"DeKalb, TN        ",6.0,0.1671388101983,Tennessee,0.22542492917847,0.408923512747875,0.198512747875354
47043,"Dickson, TN        ",1.0,0.161817632352537,Tennessee,0.256820242314349,0.418335668562323,0.16302645677079
47045,"Dyer, TN        ",5.0,0.161080402995021,Tennessee,0.289152848014426,0.388490336743894,0.161276412246658
47047,"Fayette, TN        ",1.0,0.221921057089615,Tennessee,0.319024224970354,0.321124851770286,0.137929866169744
47049,"Fentress, TN        ",9.0,0.159794210243416,Tennessee,0.234047454503571,0.435997849957767,0.170160485295247
47051,"Franklin, TN        ",6.0,0.208377110037123,Tennessee,0.266477551306297,0.400154093997338,0.124991244659242
47053,"Gibson, TN        ",4.0,0.18412232928362,Tennessee,0.277724579567898,0.391226285235502,0.146926805912981
47055,"Giles, TN        ",6.0,0.165147349635846,Tennessee,0.261467226161192,0.431196643032846,0.142188781170115
47057,"Grainger, TN        ",2.0,0.106649032102922,Tennessee,0.251352651196345,0.428399663340147,0.213598653360587
47059,"Greene, TN        ",4.0,0.167299768867451,Tennessee,0.264857803235856,0.415154255853683,0.152688172043011
47061,"Grundy, TN        ",8.0,0.131802721088435,Tennessee,0.204825680272109,0.406994047619048,0.256377551020408
47063,"Hamblen, TN        ",3.0,0.168048658253223,Tennessee,0.25891840174951,0.386054034352362,0.186978905644904
47065,"Hamilton, TN        ",2.0,0.321781671222733,Tennessee,0.303894845474527,0.269121690287308,0.105201793015433
47067,"Hancock, TN        ",8.0,0.112376133248999,Tennessee,0.23719165085389,0.421884882985452,0.228547332911659
47069,"Hardeman, TN        ",6.0,0.111903847209264,Tennessee,0.216782832994896,0.467756983700126,0.203556336095714
47071,"Hardin, TN        ",6.0,0.150053879310345,Tennessee,0.244127155172414,0.421120689655172,0.184698275862069
47073,"Hawkins, TN        ",2.0,0.137069597069597,Tennessee,0.279267399267399,0.427496947496948,0.156166056166056
47075,"Haywood, TN        ",6.0,0.110364053788127,Tennessee,0.239258773368317,0.470236142997704,0.180141029845851
47077,"Henderson, TN        ",6.0,0.143709188133066,Tennessee,0.260681783125096,0.422952336881074,0.172656691860764
47079,"Henry, TN        ",7.0,0.165012831479897,Tennessee,0.238622754491018,0.455859709153122,0.140504704875962
47081,"Hickman, TN        ",1.0,0.109030521674397,Tennessee,0.233350512512169,0.443165550020042,0.214453415793392
47083,"Houston, TN        ",8.0,0.129996524157108,Tennessee,0.171011470281543,0.471150503997219,0.227841501564129
47085,"Humphreys, TN        ",6.0,0.14270378038494,Tennessee,0.222145540986121,0.484318687217238,0.150831991411702
47087,"Jackson, TN        ",8.0,0.110472468099782,Tennessee,0.225428210139096,0.445798367628463,0.218300954132659
47089,"Jefferson, TN        ",3.0,0.167526451544981,Tennessee,0.294993946412591,0.390877506974786,0.146602095067642
47091,"Johnson, TN        ",6.0,0.115829257447755,Tennessee,0.266414702830888,0.415518008003557,0.202238031717801
47093,"Knox, TN        ",2.0,0.376455251227438,Tennessee,0.287946790502195,0.252748357471317,0.0828496007990505
47095,"Lake, TN        ",9.0,0.0938275984391628,Tennessee,0.203973040085137,0.431536005675772,0.270663355799929
47097,"Lauderdale, TN        ",6.0,0.0825259125732312,Tennessee,0.23400180261379,0.454258675078864,0.229213609734114
47099,"Lawrence, TN        ",6.0,0.143008837432349,Tennessee,0.247687881071453,0.443173254778379,0.166130026717819
47101,"Lewis, TN        ",6.0,0.104119938614095,Tennessee,0.314366662731673,0.424979341282021,0.156534057372211
47103,"Lincoln, TN        ",6.0,0.183890641430074,Tennessee,0.245552050473186,0.405425867507886,0.165131440588854
47105,"Loudon, TN        ",2.0,0.26444856493693,Tennessee,0.273719673030216,0.323679193544175,0.138152568488679
47107,"McMinn, TN        ",4.0,0.162099482859732,Tennessee,0.279095804233086,0.40363597590233,0.155168737004852
47109,"McNairy, TN        ",6.0,0.126312895243332,Tennessee,0.245532031894418,0.454330492163871,0.173824580698378
47111,"Macon, TN        ",1.0,0.103418163672655,Tennessee,0.242826846307385,0.456649201596806,0.197105788423154
47113,"Madison, TN        ",3.0,0.25632040819463,Tennessee,0.279419675104123,0.3528670447385,0.111392871962746
47115,"Marion, TN        ",2.0,0.12787497542756,Tennessee,0.300766660114016,0.386622763908001,0.184735600550423
47117,"Marshall, TN        ",6.0,0.146697760373124,Tennessee,0.293527522330268,0.41395696748361,0.145817749812998
47119,"Maury, TN        ",1.0,0.230458369368661,Tennessee,0.313924050632911,0.357150719396179,0.0984668606022486
47121,"Meigs, TN        ",8.0,0.0978655767484105,Tennessee,0.286444141689373,0.454019073569482,0.161671207992734
47123,"Monroe, TN        ",6.0,0.134272905919921,Tennessee,0.274656104151314,0.415438467207074,0.17563252272169
47125,"Montgomery, TN        ",2.0,0.284697279103743,Tennessee,0.359842767549418,0.284705350584779,0.0707546027620608
47127,"Moore, TN        ",9.0,0.226797385620915,Tennessee,0.232679738562092,0.399128540305011,0.141394335511983
47129,"Morgan, TN        ",2.0,0.0938985228002569,Tennessee,0.224020552344252,0.484649967886962,0.197430956968529
47131,"Obion, TN        ",7.0,0.153264087982328,Tennessee,0.234196550265545,0.447713493443625,0.164825868308502
47133,"Overton, TN        ",7.0,0.127973696086648,Tennessee,0.211527303204178,0.466894461994713,0.193604538714461
47135,"Perry, TN        ",8.0,0.114521629868964,Tennessee,0.249147370310537,0.384850116675642,0.251480883144857
47137,"Pickett, TN        ",9.0,0.0941358024691358,Tennessee,0.267232510288066,0.382458847736626,0.256172839506173
47139,"Polk, TN        ",3.0,0.118570963541667,Tennessee,0.311116536458333,0.394449869791667,0.175862630208333
47141,"Putnam, TN        ",4.0,0.264438235881062,Tennessee,0.235821193374576,0.3654959090002,0.134244661744163
47143,"Rhea, TN        ",6.0,0.16937271041563,Tennessee,0.27040839401203,0.368006874406404,0.192212021165936
47145,"Roane, TN        ",2.0,0.197603719599428,Tennessee,0.328888207643572,0.362558757408543,0.110949315348457
47147,"Robertson, TN        ",1.0,0.19619644723093,Tennessee,0.294649947753396,0.380794148380355,0.128359456635319
47149,"Rutherford, TN        ",1.0,0.322370510797279,Tennessee,0.317303377584616,0.278102421635903,0.082223689982202
47151,"Scott, TN        ",6.0,0.0919724617338413,Tennessee,0.26288349709244,0.442951674353319,0.2021923668204
47153,"Sequatchie, TN        ",2.0,0.150843193888009,Tennessee,0.273828379763347,0.391036988726358,0.184291437622286
47155,"Sevier, TN        ",4.0,0.174369959315114,Tennessee,0.303267729553329,0.372331402119064,0.150030909012493
47157,"Shelby, TN        ",1.0,0.316112771608274,Tennessee,0.292784373515551,0.275216658151064,0.115886196725111
47159,"Smith, TN        ",1.0,0.144209599295465,Tennessee,0.243138118303244,0.46528695141641,0.147365330984882
47161,"Stewart, TN        ",8.0,0.155934671798606,Tennessee,0.267658379278061,0.448351191095392,0.128055757827941
47163,"Sullivan, TN        ",2.0,0.236115236115236,Tennessee,0.288465906112965,0.346992435227729,0.12842642254407
47165,"Sumner, TN        ",1.0,0.28077532086221,Tennessee,0.30746278157499,0.309197386952267,0.102564510610533
47167,"Tipton, TN        ",1.0,0.172661345274019,Tennessee,0.329163827509004,0.376131607125475,0.122043220091502
47169,"Trousdale, TN        ",1.0,0.137993329627571,Tennessee,0.322540300166759,0.383824346859366,0.155642023346304
47171,"Unicoi, TN        ",3.0,0.147946228528753,Tennessee,0.307542942494399,0.394324122479462,0.150186706497386
47173,"Union, TN        ",2.0,0.0990385310489409,Tennessee,0.224101785585195,0.448275862068966,0.228583821296899
47175,"Van Buren, TN        ",9.0,0.0775519738378883,Tennessee,0.204625087596356,0.507591684185938,0.210231254379818
47177,"Warren, TN        ",6.0,0.145464324130513,Tennessee,0.216098960200789,0.433166009322338,0.205270706346361
47179,"Washington, TN        ",3.0,0.317743997078426,Tennessee,0.280562402994613,0.289407011777595,0.112286588149365
47181,"Wayne, TN        ",8.0,0.0973200550562707,Tennessee,0.238361266294227,0.466278034167274,0.198040644482228
47183,"Weakley, TN        ",7.0,0.215615112600037,Tennessee,0.246463800483901,0.389307649357901,0.148613437558161
47185,"White, TN        ",7.0,0.12299095263438,Tennessee,0.252102182011708,0.456732304417243,0.168174560936668
47187,"Williamson, TN        ",1.0,0.598353206464177,Tennessee,0.222412791690867,0.13257712938604,0.0466568724589156
47189,"Wilson, TN        ",1.0,0.323841482901886,Tennessee,0.30209864706509,0.289954191967615,0.0841056780654096
27001,"Aitkin, MN        ",8.0,0.180525252525253,Minnesota,0.363313131313131,0.368565656565657,0.0875959595959596
27003,"Anoka, MN        ",1.0,0.30505263863743,Minnesota,0.355767618856032,0.279009924227184,0.0601698182793536
27005,"Becker, MN        ",6.0,0.24968874769244,Minnesota,0.365946850985275,0.315717168247971,0.0686472330743142
27007,"Beltrami, MN        ",7.0,0.292207336746861,Minnesota,0.351511538191765,0.277618012204531,0.0786631128568423
27009,"Benton, MN        ",3.0,0.235659030606525,Minnesota,0.382787099667402,0.298665869427109,0.0828880002989648
27011,"Big Stone, MN        ",9.0,0.154141524958859,Minnesota,0.322545255074054,0.449808008776742,0.0735052111903456
27013,"Blue Earth, MN        ",3.0,0.34817688927718,Minnesota,0.332425418197703,0.264691522984814,0.0547061695403037
27015,"Brown, MN        ",6.0,0.22181209989042,Minnesota,0.351923409654536,0.361439529384624,0.0648249610704193
27017,"Carlton, MN        ",2.0,0.221185048675934,Minnesota,0.397179600176275,0.321461479908658,0.0601738712391331
27019,"Carver, MN        ",1.0,0.48945669552626,Minnesota,0.289812664032097,0.181966273492413,0.0387643669492292
27021,"Cass, MN        ",9.0,0.23189424834763,Minnesota,0.366990109220457,0.323208175127736,0.0779074673041766
27023,"Chippewa, MN        ",7.0,0.189812007277138,Minnesota,0.362886597938144,0.340933899332929,0.106367495451789
27025,"Chisago, MN        ",1.0,0.214936722045727,Minnesota,0.39372949325556,0.337690745273684,0.0536430394250299
27027,"Clay, MN        ",3.0,0.341717011953224,Minnesota,0.370342520807945,0.236834599528094,0.0511058677107372
27029,"Clearwater, MN        ",8.0,0.170509205506718,Minnesota,0.341681870957041,0.348648200364903,0.139160723171339
27031,"Cook, MN        ",9.0,0.40401681457263,Minnesota,0.326950023353573,0.240074731433909,0.0289584306398879
27033,"Cottonwood, MN        ",7.0,0.199615877080666,Minnesota,0.334058898847631,0.360051216389245,0.106274007682458
27035,"Crow Wing, MN        ",4.0,0.246883988494727,Minnesota,0.394643946657369,0.299267846247712,0.0592042186001918
27037,"Dakota, MN        ",1.0,0.422243004454507,Minnesota,0.323906325259905,0.204383488438321,0.049467181847267
27039,"Dodge, MN        ",3.0,0.25745994414229,Minnesota,0.358518300749669,0.33264736145818,0.0513743936498604
27041,"Douglas, MN        ",6.0,0.260344891802302,Minnesota,0.399567954113747,0.291146783865321,0.0489403702186301
27043,"Faribault, MN        ",6.0,0.185643313393491,Minnesota,0.36327689344013,0.377369968569401,0.0737098245969786
27045,"Fillmore, MN        ",3.0,0.221891236577762,Minnesota,0.347419466574299,0.340699688257707,0.0899896085902321
27047,"Freeborn, MN        ",7.0,0.171412823810399,Minnesota,0.366388021311777,0.350128605548411,0.112070549329414
27049,"Goodhue, MN        ",4.0,0.260220318237454,Minnesota,0.355354957160343,0.328090575275398,0.0563341493268054
27051,"Grant, MN        ",9.0,0.187618147448015,Minnesota,0.408317580340265,0.333175803402647,0.0708884688090737
27053,"Hennepin, MN        ",1.0,0.50061446243216,Minnesota,0.268808220604742,0.163950380133539,0.066626936829559
27055,"Houston, MN        ",3.0,0.248255683097007,Minnesota,0.360942306249531,0.342261234901343,0.0485407757521194
27057,"Hubbard, MN        ",7.0,0.2736120182887,Minnesota,0.344480731548008,0.312279555845852,0.0696276943174396
27059,"Isanti, MN        ",1.0,0.185036024385738,Minnesota,0.39375577313874,0.346351376316276,0.0748568261592463
27061,"Itasca, MN        ",6.0,0.230547373588611,Minnesota,0.409732449680903,0.299613402061856,0.0601067746686303
27063,"Jackson, MN        ",7.0,0.225521781762152,Minnesota,0.374001961058972,0.327216697016389,0.0732595601624877
27065,"Kanabec, MN        ",6.0,0.146835443037975,Minnesota,0.361326931470973,0.394151025752946,0.0976865997381056
27067,"Kandiyohi, MN        ",4.0,0.232563791008505,Minnesota,0.398923797951744,0.258670369727478,0.109842041312272
27069,"Kittson, MN        ",9.0,0.258693532661683,Minnesota,0.324666883327917,0.362040948976276,0.0545986350341241
27071,"Koochiching, MN        ",6.0,0.15534188034188,Minnesota,0.406730769230769,0.356623931623932,0.0813034188034188
27073,"Lac qui Parle, MN        ",9.0,0.187851971037812,Minnesota,0.37489943684634,0.369871279163315,0.0673773129525342
27075,"Lake, MN        ",6.0,0.288129318854886,Minnesota,0.349210266535044,0.309230009871668,0.0534304047384008
27077,"Lake of the Woods, MN        ",9.0,0.166666666666667,Minnesota,0.377136752136752,0.386039886039886,0.0701566951566952
27079,"Le Sueur, MN        ",1.0,0.229997414016033,Minnesota,0.350555986552883,0.358210499094906,0.0612361003361779
27081,"Lincoln, MN        ",9.0,0.192529456004011,Minnesota,0.343444472298822,0.383304086237152,0.080721985460015
27083,"Lyon, MN        ",7.0,0.261200389578768,Minnesota,0.341916240564889,0.316837107377648,0.0800462624786949
27085,"McLeod, MN        ",6.0,0.176032991024501,Minnesota,0.395204980997817,0.360030726934584,0.0687313010430986
27087,"Mahnomen, MN        ",8.0,0.132436472346786,Minnesota,0.369805680119581,0.366517189835575,0.131240657698057
27089,"Marshall, MN        ",8.0,0.19144385026738,Minnesota,0.34025974025974,0.368678380443086,0.0996180290297937
27091,"Martin, MN        ",7.0,0.204766986837424,Minnesota,0.347990039131982,0.379082177161153,0.0681607968694415
27093,"Meeker, MN        ",6.0,0.194583624024862,Minnesota,0.378131540559396,0.353396334115558,0.0738885013001839
27095,"Mille Lacs, MN        ",1.0,0.146844115004492,Minnesota,0.365397574123989,0.386118598382749,0.101639712488769
27097,"Morrison, MN        ",6.0,0.17319165614249,Minnesota,0.350738143970736,0.382963898445325,0.0931063014414493
27099,"Mower, MN        ",4.0,0.221783358795693,Minnesota,0.334873495547192,0.319745127994932,0.123598017662183
27101,"Murray, MN        ",9.0,0.207468184862693,Minnesota,0.331882116543871,0.363027461486939,0.097622237106497
27103,"Nicollet, MN        ",3.0,0.337981138035287,Minnesota,0.350164703758856,0.251974188890393,0.0598799693154641
27105,"Nobles, MN        ",7.0,0.153081653081653,Minnesota,0.296367796367796,0.313098813098813,0.237451737451737
27107,"Norman, MN        ",8.0,0.190507873142604,Minnesota,0.359946773120426,0.368596141051231,0.0809492126857396
27109,"Olmsted, MN        ",3.0,0.44896029342936,Minnesota,0.298090607777024,0.198962681363606,0.0539864174300096
27111,"Otter Tail, MN        ",6.0,0.249307011835033,Minnesota,0.376310651529395,0.295321425988864,0.0790609106467086
27113,"Pennington, MN        ",6.0,0.193167829298318,Minnesota,0.407365613459171,0.331042265080016,0.0684242921624949
27115,"Pine, MN        ",6.0,0.148649915619726,Minnesota,0.348631164447778,0.406994187136696,0.0957247327957997
27117,"Pipestone, MN        ",6.0,0.213238846835239,Minnesota,0.328555322918344,0.354646480914801,0.103559349331615
27119,"Polk, MN        ",3.0,0.253031375324369,Minnesota,0.359377211606511,0.306345836282142,0.0812455767869781
27121,"Pope, MN        ",8.0,0.229192546583851,Minnesota,0.406832298136646,0.304472049689441,0.0595031055900621
27123,"Ramsey, MN        ",1.0,0.42257213511117,Minnesota,0.271612995610484,0.208623168051815,0.097191701226531
27125,"Red Lake, MN        ",8.0,0.162027123483226,Minnesota,0.389721627408994,0.374732334047109,0.0735189150606709
27127,"Redwood, MN        ",7.0,0.190604026845638,Minnesota,0.344199424736337,0.373729626078619,0.0914669223394056
27129,"Renville, MN        ",8.0,0.152431268956071,Minnesota,0.38733979062714,0.365619802367674,0.0946091380491146
27131,"Rice, MN        ",4.0,0.28289489403388,Minnesota,0.313932095668172,0.313884309368504,0.0892887009294435
27133,"Rock, MN        ",6.0,0.23761597735493,Minnesota,0.364994495989936,0.330083346438119,0.0673061802170153
27135,"Roseau, MN        ",7.0,0.202810665126576,Minnesota,0.375493310231976,0.351140629511984,0.0705553951294638
27137,"St. Louis, MN        ",2.0,0.293185955023193,Minnesota,0.379814749574306,0.271879220245435,0.0551200751570665
27139,"Scott, MN        ",1.0,0.398566744630632,Minnesota,0.325846656627471,0.222186622237886,0.0533999765040103
27141,"Sherburne, MN        ",1.0,0.265803478712357,Minnesota,0.395054517133956,0.285241433021807,0.0539005711318795
27143,"Sibley, MN        ",1.0,0.164145821213884,Minnesota,0.350591429125461,0.392088423502036,0.0931743261586194
27145,"Stearns, MN        ",3.0,0.274676358884306,Minnesota,0.36232490709356,0.279934250826969,0.0830644831951648
27147,"Steele, MN        ",5.0,0.259774604337036,Minnesota,0.328817283046503,0.336588144350869,0.0748199682655926
27149,"Stevens, MN        ",7.0,0.305227077977721,Minnesota,0.320137103684662,0.314481576692374,0.0601542416452442
27151,"Swift, MN        ",7.0,0.195580276608539,Minnesota,0.38334335538184,0.326969332531569,0.0941070354780517
27153,"Todd, MN        ",6.0,0.151181382128264,Minnesota,0.352342038254278,0.366613371232309,0.129863208385148
27155,"Traverse, MN        ",9.0,0.174880763116057,Minnesota,0.404213036565978,0.353736089030207,0.0671701112877583
27157,"Wabasha, MN        ",3.0,0.237000582788318,Minnesota,0.366573852230784,0.329987696691057,0.0664378682898401
27159,"Wadena, MN        ",7.0,0.138005624053645,Minnesota,0.396820246593121,0.371079385680294,0.0940947436729396
27161,"Waseca, MN        ",6.0,0.214092140921409,Minnesota,0.35152922957801,0.364227642276423,0.070150987224158
27163,"Washington, MN        ",1.0,0.442683372064048,Minnesota,0.308207627536089,0.209696393697228,0.039412606702635
27165,"Watonwan, MN        ",6.0,0.154675289679332,Minnesota,0.277283751010509,0.41269199676637,0.155348962543789
27167,"Wilkin, MN        ",6.0,0.237802097583219,Minnesota,0.423848609211126,0.287277701778386,0.0510715914272686
27169,"Winona, MN        ",4.0,0.300713557594292,Minnesota,0.361811926605505,0.272139398572885,0.0653351172273191
27171,"Wright, MN        ",1.0,0.295852534562212,Minnesota,0.359585253456221,0.293663594470046,0.0508986175115207
27173,"Yellow Medicine, MN        ",9.0,0.172499633914189,Minnesota,0.386293747254356,0.35393176160492,0.0872748572265339
25001,"Barnstable, MA        ",3.0,0.434234723101504,Massachusetts,0.283253444273612,0.237140876066444,0.0453709565584396
25003,"Berkshire, MA        ",3.0,0.336356177397763,Massachusetts,0.283585956730146,0.29351815865613,0.0865397072159606
25005,"Bristol, MA        ",1.0,0.286582742512379,Massachusetts,0.271033438132454,0.299324109313545,0.143059710041623
25007,"Dukes, MA        ",7.0,0.449313786650031,Massachusetts,0.262632563942608,0.236431690580162,0.051621958827199
25009,"Essex, MA        ",1.0,0.39851775999057,Massachusetts,0.243685561788854,0.250527661235961,0.107269016984614
25011,"Franklin, MA        ",4.0,0.373010198321605,Massachusetts,0.275204154593008,0.2845745681707,0.0672110789146878
25013,"Hampden, MA        ",2.0,0.2713372184596,Massachusetts,0.280072452354702,0.306599464482596,0.141990864703103
25015,"Hampshire, MA        ",2.0,0.483277241269112,Massachusetts,0.237833681203999,0.22638890275933,0.0525001747675591
25017,"Middlesex, MA        ",1.0,0.562821979391539,Massachusetts,0.181109652148755,0.190468475285425,0.0655998931742817
25019,"Nantucket, MA        ",7.0,0.5283203125,Massachusetts,0.2296142578125,0.1983642578125,0.043701171875
25021,"Norfolk, MA        ",1.0,0.53598289067778,Massachusetts,0.210883384748122,0.192361851583548,0.06077187299055
25023,"Plymouth, MA        ",1.0,0.376128089105465,Massachusetts,0.275004524886878,0.278240167072746,0.0706272189349112
25025,"Suffolk, MA        ",1.0,0.46062864754565,Massachusetts,0.181673754660816,0.221186987491031,0.136510610302503
25027,"Worcester, MA        ",2.0,0.363980320729195,Massachusetts,0.265898820967535,0.27761351023804,0.0925073480652294
42001,"Adams, PA        ",3.0,0.222834689400461,Pennsylvania,0.266418594318403,0.399100274915998,0.111646441365138
42003,"Allegheny, PA        ",1.0,0.416477845056873,Pennsylvania,0.259541621866335,0.26972440722087,0.0542561258559221
42005,"Armstrong, PA        ",1.0,0.167407407407407,Pennsylvania,0.246008230452675,0.489670781893004,0.0969135802469136
42007,"Beaver, PA        ",1.0,0.247094508827748,Pennsylvania,0.315705313133644,0.367995911706038,0.0692042663325695
42009,"Bedford, PA        ",6.0,0.147284625626788,Pennsylvania,0.219071361794952,0.513074024759908,0.120569987818352
42011,"Berks, PA        ",2.0,0.249014380523172,Pennsylvania,0.250953882177038,0.366749183646122,0.133282553653668
42013,"Blair, PA        ",3.0,0.212752011572191,Pennsylvania,0.250983184160564,0.450366151342555,0.0858986529246904
42015,"Bradford, PA        ",6.0,0.187185025197984,Pennsylvania,0.243549548294201,0.470331405745605,0.09893402076221
42017,"Bucks, PA        ",1.0,0.412866607823201,Pennsylvania,0.244470017764768,0.281574919276449,0.061088455135582
42019,"Butler, PA        ",1.0,0.359687123947052,Pennsylvania,0.26211642599278,0.32718110709988,0.0510153429602888
42021,"Cambria, PA        ",3.0,0.211208708077667,Pennsylvania,0.254612507354795,0.453759351096915,0.0804194334706228
42023,"Cameron, PA        ",7.0,0.136696730552424,Pennsylvania,0.286922209695603,0.483089064261556,0.0932919954904171
42025,"Carbon, PA        ",2.0,0.17893306727238,Pennsylvania,0.261765767295731,0.453478251639884,0.105822913792005
42027,"Centre, PA        ",3.0,0.45451512455516,Pennsylvania,0.194425347783889,0.293988595923649,0.0570709317373018
42029,"Chester, PA        ",1.0,0.529884605260551,Pennsylvania,0.198302335915587,0.208276607728645,0.0635364510952169
42031,"Clarion, PA        ",6.0,0.221083289204932,Pennsylvania,0.215220515924049,0.464823360314699,0.0988728345563205
42033,"Clearfield, PA        ",4.0,0.150741699227009,Pennsylvania,0.226603068283689,0.494832631383096,0.127822601106206
42035,"Clinton, PA        ",4.0,0.19456157635468,Pennsylvania,0.243192118226601,0.455487684729064,0.106758620689655
42037,"Columbia, PA        ",3.0,0.228972710844751,Pennsylvania,0.244001189468628,0.429581169796647,0.0974449298899742
42039,"Crawford, PA        ",4.0,0.211337876073599,Pennsylvania,0.221282793952686,0.457767583585863,0.109611746387852
42041,"Cumberland, PA        ",2.0,0.365824473414518,Pennsylvania,0.237858046638384,0.319701367776804,0.0766161121702937
42043,"Dauphin, PA        ",2.0,0.30821605949434,Pennsylvania,0.257759960644138,0.33193947989554,0.102084499965982
42045,"Delaware, PA        ",1.0,0.390272980559527,Pennsylvania,0.238469284469535,0.30204735419645,0.0692103807744884
42047,"Elk, PA        ",7.0,0.19568345323741,Pennsylvania,0.24716726618705,0.480170863309352,0.0769784172661871
42049,"Erie, PA        ",2.0,0.278910657722129,Pennsylvania,0.249272100935337,0.385087934473086,0.0867293068694474
42051,"Fayette, PA        ",1.0,0.172820763447681,Pennsylvania,0.231394732190207,0.480061142363963,0.115723361998149
42053,"Forest, PA        ",9.0,0.0807608877023194,Pennsylvania,0.174536959786417,0.574336726180544,0.170365426330719
42055,"Franklin, PA        ",3.0,0.216248395438394,Pennsylvania,0.23526128774208,0.431092218108757,0.11739809871077
42057,"Fulton, PA        ",8.0,0.135654490106545,Pennsylvania,0.220414764079148,0.522260273972603,0.121670471841705
42059,"Greene, PA        ",6.0,0.176103025222891,Pennsylvania,0.23866493941934,0.460374914272651,0.124857121085118
42061,"Huntingdon, PA        ",6.0,0.174185272288568,Pennsylvania,0.232155401484377,0.48825631471244,0.105403011514615
42063,"Indiana, PA        ",4.0,0.229639495329458,Pennsylvania,0.237936682205144,0.432029661093213,0.100394161372186
42065,"Jefferson, PA        ",7.0,0.159317257501521,Pennsylvania,0.223236301918212,0.510807954654626,0.106638485925641
42067,"Juniata, PA        ",6.0,0.144558806522493,Pennsylvania,0.200474152885394,0.487972707297329,0.166994333294784
42069,"Lackawanna, PA        ",2.0,0.283014055389242,Pennsylvania,0.258668832476407,0.368574727148246,0.0897423849861057
42071,"Lancaster, PA        ",2.0,0.272742758391419,Pennsylvania,0.224783156992414,0.352954752138208,0.149519332477959
42073,"Lawrence, PA        ",4.0,0.220500385405961,Pennsylvania,0.253597122302158,0.433453237410072,0.0924492548818088
42075,"Lebanon, PA        ",3.0,0.206800196019143,Pennsylvania,0.224692156106309,0.440167241864684,0.128340406009864
42077,"Lehigh, PA        ",2.0,0.298942107187484,Pennsylvania,0.261367425901298,0.329365063421337,0.110325403489881
42079,"Luzerne, PA        ",2.0,0.228756126452624,Pennsylvania,0.279661278177279,0.389851555997869,0.101731039372229
42081,"Lycoming, PA        ",3.0,0.233679451510334,Pennsylvania,0.277983406200318,0.388935810810811,0.0994013314785374
42083,"McKean, PA        ",7.0,0.188643940940328,Pennsylvania,0.253623188405797,0.475335102401851,0.0823977682520242
42085,"Mercer, PA        ",2.0,0.227534723103877,Pennsylvania,0.241081177157657,0.430388746413427,0.100995353325039
42087,"Mifflin, PA        ",4.0,0.119236932938856,Pennsylvania,0.212771203155819,0.517813116370809,0.150178747534517
42089,"Monroe, PA        ",3.0,0.246640465443562,Pennsylvania,0.298539482039576,0.351245130176601,0.103574922340261
42091,"Montgomery, PA        ",1.0,0.492810161661222,Pennsylvania,0.215624314317652,0.235724417461554,0.0558411065595721
42093,"Montour, PA        ",3.0,0.316153268219384,Pennsylvania,0.188730277986476,0.400976709241172,0.0941397445529677
42095,"Northampton, PA        ",2.0,0.303055026315293,Pennsylvania,0.260993001452529,0.344730338986248,0.0912216332459301
42097,"Northumberland, PA        ",4.0,0.16592749136802,Pennsylvania,0.216692463388499,0.497559233242053,0.119820812001429
42099,"Perry, PA        ",2.0,0.166503637586354,Pennsylvania,0.233936540930488,0.473894968515009,0.125664852968148
42101,"Philadelphia, PA        ",1.0,0.296883980947466,Pennsylvania,0.223990244565901,0.325934158272416,0.153191616214217
42103,"Pike, PA        ",1.0,0.268143639683506,Pennsylvania,0.318344491783323,0.343371880706026,0.0701399878271455
42105,"Potter, PA        ",9.0,0.153731958762887,Pennsylvania,0.255752577319588,0.470432989690722,0.120082474226804
42107,"Schuylkill, PA        ",4.0,0.165878772799479,Pennsylvania,0.260990640969205,0.46628643610404,0.106844150127275
42109,"Snyder, PA        ",7.0,0.197685595977521,Pennsylvania,0.212511091393079,0.455708370304644,0.134094942324756
42111,"Somerset, PA        ",4.0,0.158579902994897,Pennsylvania,0.225852400786138,0.497809271379889,0.117758424839076
42113,"Sullivan, PA        ",8.0,0.171986176052043,Pennsylvania,0.246594836348851,0.476926204513112,0.104492783085993
42115,"Susquehanna, PA        ",6.0,0.18611312306578,Pennsylvania,0.26256008428261,0.449595048396655,0.101731744254955
42117,"Tioga, PA        ",6.0,0.190920632741996,Pennsylvania,0.259753628658683,0.453487973098171,0.0958377655011495
42119,"Union, PA        ",4.0,0.259954921111946,Pennsylvania,0.21781596053964,0.390030379250645,0.132198739097769
42121,"Venango, PA        ",4.0,0.187325648718354,Pennsylvania,0.234433391231117,0.480104216011369,0.09813674403916
42123,"Warren, PA        ",6.0,0.195074330341851,Pennsylvania,0.279372473795985,0.454442693704186,0.0711105021579777
42125,"Washington, PA        ",1.0,0.300448430493274,Pennsylvania,0.257605864504176,0.373304959587551,0.0686407454149996
42127,"Wayne, PA        ",6.0,0.203763591454254,Pennsylvania,0.263171296885743,0.428713299890504,0.104351811769499
42129,"Westmoreland, PA        ",1.0,0.291015977483306,Pennsylvania,0.283436176462683,0.369371306574921,0.0561765394790903
42131,"Wyoming, PA        ",2.0,0.196278879574729,Pennsylvania,0.26165405847475,0.464066653036189,0.0780004089143325
42133,"York, PA        ",2.0,0.248561375923909,Pennsylvania,0.254573632421077,0.395626453928588,0.101238537726426
45001,"Abbeville, SC        ",6.0,0.155800911321416,South Carolina,0.320422946605912,0.340285080032714,0.183491062039958
45003,"Aiken, SC        ",2.0,0.26417251806239,South Carolina,0.287964900095712,0.327587813286127,0.120274768555771
45005,"Allendale, SC        ",6.0,0.0921840529467381,South Carolina,0.247242357390482,0.45855657106839,0.20201701859439
45007,"Anderson, SC        ",2.0,0.222309580143136,South Carolina,0.318412273869531,0.312004937763605,0.147273208223728
45009,"Bamberg, SC        ",7.0,0.187870591906793,South Carolina,0.290336003328826,0.325288671590554,0.196504733173827
45011,"Barnwell, SC        ",6.0,0.12542919206783,South Carolina,0.318828393245042,0.353724336066148,0.20201807862098
45013,"Beaufort, SC        ",3.0,0.411595222415135,South Carolina,0.293495180506496,0.22252739028917,0.0723822067891995
45015,"Berkeley, SC        ",2.0,0.249847854219859,South Carolina,0.349256759120003,0.294449302227974,0.106446084432164
45017,"Calhoun, SC        ",2.0,0.198960653303638,South Carolina,0.301039346696362,0.361822568671121,0.138177431328879
45019,"Charleston, SC        ",2.0,0.436024762124727,South Carolina,0.253377846367044,0.227348919894037,0.0832484716141924
45021,"Cherokee, SC        ",4.0,0.141690432978999,South Carolina,0.314026445423905,0.347083225304641,0.197199896292455
45023,"Chester, SC        ",1.0,0.133884517935725,South Carolina,0.294039205227364,0.393119082544339,0.178957194292572
45025,"Chesterfield, SC        ",6.0,0.103522848367078,South Carolina,0.249608224158465,0.41337052591989,0.233498401554567
45027,"Clarendon, SC        ",6.0,0.15078318219291,South Carolina,0.268755152514427,0.36525144270404,0.215210222588623
45029,"Colleton, SC        ",6.0,0.145681183803005,South Carolina,0.265629182120598,0.454479409627959,0.134210224448438
45031,"Darlington, SC        ",3.0,0.184450657823439,South Carolina,0.28775169603572,0.351453280447363,0.176344365693478
45033,"Dillon, SC        ",6.0,0.111220569402029,South Carolina,0.251699339966506,0.390060092601714,0.247019998029751
45035,"Dorchester, SC        ",2.0,0.281989295355991,South Carolina,0.341767865373581,0.273241211938782,0.103001627331646
45037,"Edgefield, SC        ",2.0,0.16663277755185,South Carolina,0.29559780398536,0.367069947132981,0.170699471329809
45039,"Fairfield, SC        ",2.0,0.169208066896212,South Carolina,0.28049680275455,0.412690605017216,0.137604525332022
45041,"Florence, SC        ",3.0,0.23618772717554,South Carolina,0.284904853538593,0.328736369467607,0.15017104981826
45043,"Georgetown, SC        ",4.0,0.273069393082445,South Carolina,0.310767892103546,0.287818142266696,0.128344572547313
45045,"Greenville, SC        ",2.0,0.350719262657833,South Carolina,0.291915876595016,0.237540954586478,0.119823906160673
45047,"Greenwood, SC        ",4.0,0.245997058205505,South Carolina,0.300672410170204,0.305316242908174,0.148014288716117
45049,"Hampton, SC        ",6.0,0.118703205640765,South Carolina,0.265900995856655,0.425383441157229,0.190012357345351
45051,"Horry, SC        ",2.0,0.236468750633913,South Carolina,0.335014301073088,0.324887924214455,0.103629024078544
45053,"Jasper, SC        ",3.0,0.17784935579782,South Carolina,0.265064420218038,0.375074331020813,0.18201189296333
45055,"Kershaw, SC        ",2.0,0.203377402510832,South Carolina,0.309743361848684,0.365248305743806,0.121630929896678
45057,"Lancaster, SC        ",1.0,0.268664858394072,South Carolina,0.291076326277029,0.299319624808692,0.140939190520207
45059,"Laurens, SC        ",2.0,0.161902072381283,South Carolina,0.309054177347178,0.338488942955207,0.190554807316331
45061,"Lee, SC        ",6.0,0.158731459477178,South Carolina,0.24174383348357,0.414816028845366,0.184708678193887
45063,"Lexington, SC        ",2.0,0.303701521453645,South Carolina,0.310816951200635,0.281631206027892,0.103850321317828
45065,"McCormick, SC        ",8.0,0.204814673290027,South Carolina,0.290281492803465,0.338810342631512,0.166093491274997
45067,"Marion, SC        ",6.0,0.134947777058878,South Carolina,0.234171365190868,0.42018670856826,0.210694149181995
45069,"Marlboro, SC        ",6.0,0.088915637429349,South Carolina,0.260937827088131,0.422022189658782,0.228124345823739
45071,"Newberry, SC        ",6.0,0.179297100057615,South Carolina,0.280852698290762,0.35997695410025,0.179873247551373
45073,"Oconee, SC        ",4.0,0.257794961336992,South Carolina,0.300431172718526,0.290471439261661,0.151302426682821
45075,"Orangeburg, SC        ",4.0,0.198935810810811,South Carolina,0.348125,0.312432432432432,0.140506756756757
45077,"Pickens, SC        ",2.0,0.2596992,South Carolina,0.3028352,0.290752,0.1467136
45079,"Richland, SC        ",2.0,0.390849460616902,South Carolina,0.299123357262892,0.224724887515585,0.0853022946046202
45081,"Saluda, SC        ",2.0,0.167961912763425,South Carolina,0.262409857872996,0.351536791990478,0.218091437373101
45083,"Spartanburg, SC        ",2.0,0.245198833280388,South Carolina,0.318734898585882,0.293037225286626,0.143029042847104
45085,"Sumter, SC        ",3.0,0.192960940062462,South Carolina,0.353578711692312,0.308172782111433,0.145287566133793
45087,"Union, SC        ",2.0,0.113472272005735,South Carolina,0.299400890982641,0.399610835168211,0.187516001843412
45089,"Williamsburg, SC        ",6.0,0.122888146147154,South Carolina,0.262167483173847,0.416418662149169,0.198525708529829
45091,"York, SC        ",1.0,0.333087231805267,South Carolina,0.323819271986934,0.251129829742488,0.0919636664653109
06001,"Alameda, CA        ",1.0,0.474224456834109,California,0.234554372871296,0.175651637044604,0.11556953324999
06003,"Alpine, CA        ",8.0,0.345454545454545,California,0.285714285714286,0.280519480519481,0.0883116883116883
06005,"Amador, CA        ",6.0,0.192672058095395,California,0.432810694834131,0.274698795180723,0.0998184518897508
06007,"Butte, CA        ",3.0,0.272180002576114,California,0.395297914025585,0.224976103153028,0.107545980245273
06009,"Calaveras, CA        ",6.0,0.183195592286501,California,0.438504361799816,0.28004476584022,0.0982552800734619
06011,"Colusa, CA        ",6.0,0.150032901952183,California,0.300285150252248,0.262192001169847,0.287489946625722
06013,"Contra Costa, CA        ",1.0,0.423535718731977,California,0.298577958225459,0.172546742922185,0.105339580120379
06015,"Del Norte, CA        ",7.0,0.147984117287721,California,0.342292812054571,0.310272856851965,0.199450213805742
06017,"El Dorado, CA        ",1.0,0.342959103248971,California,0.378513880374814,0.212635373792218,0.0658916425839974
06019,"Fresno, CA        ",2.0,0.211738397085429,California,0.320743473748504,0.227122324903126,0.24039580426294
06021,"Glenn, CA        ",6.0,0.141552002673946,California,0.334354632053925,0.272408222383154,0.251685142888976
06023,"Humboldt, CA        ",5.0,0.30415409407006,California,0.37878935357927,0.221764381428247,0.095292170922423
06025,"Imperial, CA        ",3.0,0.152190692395006,California,0.301902383654938,0.243196367763905,0.302710556186152
06027,"Inyo, CA        ",7.0,0.271660102999091,California,0.32823386852469,0.285898212662829,0.11420781581339
06029,"Kern, CA        ",2.0,0.163804692831337,California,0.299174970574508,0.27797188168814,0.259048454906015
06031,"Kings, CA        ",3.0,0.14669163545568,California,0.334065177149253,0.25278746394593,0.266455723449137
06033,"Lake, CA        ",4.0,0.155343988282428,California,0.39721276870719,0.305195364666351,0.142247878344031
06035,"Lassen, CA        ",7.0,0.129471589652885,California,0.357329206279018,0.344859606455892,0.168339597612204
06037,"Los Angeles, CA        ",1.0,0.325412105164955,California,0.259813457298245,0.206108703559442,0.208665733977358
06039,"Madera, CA        ",3.0,0.145518676879223,California,0.324617798148205,0.249192531299025,0.280670993673547
06041,"Marin, CA        ",1.0,0.594917096894482,California,0.232937506236771,0.105134898084589,0.0670104987841578
